index,Paris,London,Madrid,Berlin,Milan,Barcelona,Athens,Rome,Birmingham,Lisbon,Naples,Katowice,Manchester,Hamburg,Budapest,Bucharest,Warsaw,Stuttgart,Vienna,Munich,Brussels,Stockholm,Frankfurt,Cologne,Copenhagen,Valencia,Turin,Glasgow,Prague,Lyon,Sofia,Liverpool,Porto,Seville,Dublin,Helsinki,Amsterdam,Rotterdam,Dusseldorf,Essen-Oberhausen,Lille,Lodz,Marseille,Antwerp,Bilbao,Newcastle,Krakow,Bochum-Herne,Thessaloniki,Nuremberg,Riga,Duisburg,Dortmund,Hanover,Zurich,Oslo,Bremen,Dresden,Sheffield,Palermo,Poznan,Gelsenkirchen-Bottrop,Bordeaux,Wroclaw,Gothenburg,Zaragoza,Genoa,Catania,The Hague,Toulouse,Bristol,Vilnius,Saarbrucken,Malaga,Nantes,Leeds,Nottingham,Florence,Gdansk,Leipzig,Mannheim,Belfast,Portsmouth,Venice,Edinburgh,Murcia,Nice,Liege,Bratislava,Leicester,Karlsruhe,Bergamo,Palma de Mallorca,Bologna,Bielefeld,Rouen,Strasbourg,Tallinn,Szczecin,Grenoble,Bari,Toulon,Brighton,Darmstadt,Wuppertal,Utrecht,Bournemouth,Middlesbrough,Geneva,Bydgoszcz,Basel,Kaunas,Brno,Southampton,Lens,Augsburg,Padua,Ostrava,Las Palmas,Constanta,Castellammare di Stabia-Torre Annunziata,Stoke,Santa Cruz de Tenerife,Lublin,Cardiff,Iasi,Plovdiv,Bradford,Alicante,Cluj-Napoca,Granada,Timisoara,Brescia,Galati,Montpellier,Varna,Verona,Busto Arsizio,Valladolid,Eindhoven,Charleroi,Cordoba,A Coruna,Craiova,Caserta,Coventry,Brasov,Bonn,Valletta,Ghent,Gdynia
Paris,0.0,21874.0,3394.0,7899.0,3342.0,2397.0,1249.0,6821.0,525.0,1071.0,1180.0,58.0,972.0,1328.0,1181.0,916.0,1552.0,700.0,5275.0,3075.0,4461.0,1581.0,1616.0,1125.0,1504.0,358.0,925.0,682.0,1649.0,3582.0,511.0,649.0,312.0,351.0,1145.0,575.0,2973.0,567.0,573.0,172.0,1412.0,129.0,2185.0,1211.0,233.0,244.0,435.0,61.0,153.0,225.0,228.0,47.0,144.0,281.0,1567.0,716.0,161.0,821.0,180.0,229.0,125.0,12.0,2218.0,123.0,198.0,105.0,425.0,66.0,647.0,1897.0,334.0,203.0,128.0,110.0,995.0,270.0,151.0,1921.0,74.0,954.0,240.0,193.0,108.0,2281.0,1185.0,41.0,2022.0,653.0,162.0,207.0,256.0,82.0,23.0,699.0,51.0,1251.0,1679.0,95.0,14.0,677.0,59.0,380.0,221.0,186.0,45.0,324.0,55.0,17.0,2566.0,29.0,801.0,95.0,99.0,157.0,194.0,130.0,226.0,14.0,33.0,32.0,2.0,35.0,8.0,72.0,201.0,195.0,40.0,104.0,48.0,112.0,177.0,40.0,80.0,34.0,1009.0,54.0,268.0,0.0,73.0,93.0,82.0,78.0,26.0,59.0,11.0,76.0,35.0,545.0,31.0,382.0,19.0
London,21874.0,0.0,2386.0,7668.0,2588.0,1755.0,1647.0,4378.0,7544.0,1090.0,853.0,44.0,10368.0,1853.0,976.0,396.0,1227.0,551.0,4215.0,2345.0,2838.0,1982.0,1748.0,931.0,1530.0,250.0,576.0,5978.0,1386.0,870.0,445.0,7379.0,272.0,273.0,5868.0,751.0,3815.0,878.0,486.0,177.0,261.0,105.0,356.0,976.0,187.0,3307.0,246.0,383.0,145.0,243.0,241.0,59.0,117.0,1041.0,1542.0,1036.0,264.0,635.0,2926.0,189.0,107.0,21.0,451.0,107.0,293.0,53.0,305.0,47.0,631.0,290.0,5358.0,149.0,43.0,147.0,193.0,4091.0,2434.0,2334.0,88.0,806.0,197.0,2001.0,1983.0,2307.0,9493.0,24.0,537.0,215.0,123.0,2938.0,172.0,72.0,42.0,403.0,53.0,211.0,334.0,145.0,24.0,109.0,103.0,95.0,4126.0,123.0,60.0,322.0,895.0,349.0,1698.0,23.0,588.0,38.0,110.0,2263.0,48.0,85.0,133.0,31.0,51.0,13.0,3.0,1216.0,14.0,50.0,2850.0,16.0,24.0,1532.0,62.0,89.0,494.0,23.0,64.0,12.0,182.0,37.0,216.0,0.0,51.0,136.0,33.0,80.0,33.0,13.0,12.0,1485.0,11.0,439.0,62.0,268.0,23.0
Madrid,3394.0,2386.0,0.0,1075.0,1176.0,5267.0,322.0,1531.0,105.0,756.0,314.0,19.0,843.0,361.0,205.0,137.0,262.0,326.0,728.0,902.0,623.0,298.0,342.0,153.0,250.0,1869.0,171.0,120.0,323.0,300.0,594.0,551.0,363.0,1042.0,240.0,138.0,552.0,156.0,102.0,39.0,69.0,15.0,209.0,171.0,1058.0,105.0,57.0,10.0,28.0,47.0,44.0,12.0,229.0,32.0,284.0,149.0,90.0,129.0,38.0,99.0,25.0,6.0,181.0,25.0,41.0,900.0,129.0,31.0,94.0,135.0,63.0,30.0,15.0,743.0,45.0,103.0,51.0,252.0,15.0,105.0,20.0,37.0,28.0,348.0,127.0,466.0,120.0,49.0,44.0,62.0,26.0,26.0,98.0,192.0,9.0,19.0,149.0,36.0,7.0,27.0,26.0,14.0,33.0,36.0,9.0,62.0,14.0,39.0,247.0,1.0,167.0,21.0,20.0,51.0,25.0,21.0,30.0,11.0,231.0,5.0,0.0,39.0,69.0,4.0,58.0,10.0,10.0,14.0,321.0,38.0,660.0,15.0,24.0,4.0,76.0,9.0,99.0,0.0,715.0,75.0,11.0,446.0,140.0,7.0,17.0,14.0,2.0,87.0,8.0,50.0,2.0
Berlin,7899.0,7668.0,1075.0,0.0,964.0,899.0,561.0,2130.0,280.0,419.0,304.0,66.0,416.0,4309.0,1093.0,403.0,1440.0,1583.0,5518.0,5120.0,1346.0,1122.0,3244.0,2020.0,1055.0,136.0,270.0,319.0,1821.0,260.0,434.0,238.0,91.0,120.0,412.0,479.0,1802.0,455.0,1207.0,560.0,101.0,143.0,173.0,292.0,99.0,79.0,343.0,252.0,107.0,770.0,385.0,201.0,435.0,923.0,1584.0,540.0,928.0,2602.0,92.0,135.0,311.0,93.0,141.0,370.0,161.0,22.0,91.0,22.0,362.0,110.0,146.0,177.0,202.0,50.0,73.0,122.0,56.0,539.0,167.0,3415.0,513.0,102.0,33.0,1110.0,567.0,22.0,175.0,102.0,158.0,42.0,578.0,30.0,31.0,221.0,255.0,43.0,447.0,153.0,170.0,67.0,22.0,22.0,94.0,379.0,150.0,155.0,34.0,8.0,672.0,127.0,672.0,95.0,133.0,50.0,25.0,233.0,45.0,29.0,29.0,14.0,0.0,13.0,6.0,89.0,77.0,76.0,30.0,40.0,22.0,78.0,65.0,24.0,17.0,12.0,94.0,26.0,135.0,0.0,16.0,66.0,8.0,24.0,7.0,11.0,6.0,38.0,15.0,1589.0,7.0,109.0,41.0
Milan,3342.0,2588.0,1176.0,964.0,0.0,1069.0,281.0,3837.0,113.0,249.0,1652.0,8.0,594.0,291.0,228.0,104.0,197.0,174.0,1183.0,840.0,504.0,265.0,303.0,230.0,240.0,204.0,1816.0,99.0,466.0,275.0,127.0,505.0,233.0,121.0,150.0,105.0,459.0,118.0,102.0,40.0,68.0,10.0,235.0,130.0,56.0,94.0,42.0,11.0,59.0,42.0,40.0,25.0,118.0,26.0,439.0,109.0,92.0,128.0,59.0,575.0,33.0,14.0,110.0,20.0,39.0,54.0,1386.0,249.0,61.0,70.0,37.0,26.0,13.0,41.0,45.0,106.0,36.0,1617.0,18.0,112.0,38.0,35.0,67.0,2226.0,105.0,14.0,215.0,129.0,90.0,63.0,36.0,743.0,11.0,1302.0,10.0,28.0,103.0,35.0,4.0,35.0,280.0,15.0,31.0,37.0,4.0,55.0,9.0,30.0,338.0,2.0,197.0,6.0,52.0,46.0,20.0,41.0,421.0,23.0,15.0,5.0,8.0,25.0,1.0,5.0,41.0,9.0,18.0,23.0,13.0,29.0,36.0,21.0,643.0,7.0,36.0,15.0,784.0,51.0,16.0,101.0,11.0,37.0,4.0,23.0,21.0,17.0,6.0,49.0,14.0,36.0,1.0
Barcelona,2397.0,1755.0,5267.0,899.0,1069.0,0.0,426.0,827.0,160.0,412.0,320.0,13.0,868.0,280.0,196.0,84.0,155.0,191.0,493.0,785.0,369.0,209.0,251.0,158.0,219.0,1679.0,136.0,106.0,230.0,287.0,171.0,473.0,269.0,506.0,163.0,121.0,509.0,163.0,96.0,27.0,65.0,14.0,223.0,102.0,770.0,113.0,50.0,11.0,43.0,20.0,46.0,18.0,148.0,16.0,256.0,133.0,62.0,92.0,44.0,123.0,23.0,9.0,128.0,27.0,72.0,706.0,207.0,32.0,55.0,295.0,35.0,26.0,5.0,485.0,55.0,99.0,57.0,211.0,27.0,77.0,29.0,38.0,40.0,327.0,121.0,224.0,141.0,40.0,72.0,35.0,31.0,23.0,144.0,168.0,14.0,18.0,78.0,43.0,3.0,36.0,35.0,85.0,22.0,30.0,8.0,46.0,13.0,29.0,207.0,3.0,145.0,17.0,52.0,70.0,15.0,18.0,21.0,15.0,170.0,8.0,1.0,49.0,51.0,3.0,40.0,4.0,6.0,15.0,233.0,11.0,344.0,9.0,25.0,3.0,147.0,13.0,78.0,0.0,306.0,87.0,10.0,261.0,69.0,8.0,5.0,21.0,1.0,52.0,21.0,36.0,1.0
Athens,1249.0,1647.0,322.0,561.0,281.0,426.0,0.0,1170.0,115.0,137.0,200.0,7.0,169.0,112.0,202.0,150.0,129.0,74.0,401.0,357.0,225.0,176.0,135.0,57.0,155.0,57.0,81.0,76.0,207.0,67.0,255.0,105.0,85.0,50.0,127.0,145.0,202.0,50.0,39.0,19.0,33.0,12.0,65.0,43.0,28.0,31.0,30.0,8.0,1490.0,21.0,51.0,5.0,11.0,32.0,145.0,96.0,32.0,48.0,45.0,46.0,26.0,3.0,43.0,15.0,48.0,19.0,54.0,27.0,45.0,19.0,42.0,31.0,8.0,26.0,14.0,45.0,21.0,188.0,13.0,79.0,14.0,18.0,35.0,295.0,119.0,15.0,44.0,21.0,38.0,21.0,20.0,8.0,15.0,66.0,5.0,5.0,57.0,32.0,5.0,15.0,34.0,29.0,28.0,17.0,3.0,19.0,5.0,4.0,130.0,4.0,54.0,11.0,18.0,24.0,13.0,6.0,18.0,10.0,6.0,12.0,0.0,11.0,1.0,5.0,23.0,9.0,30.0,50.0,15.0,23.0,15.0,2.0,11.0,5.0,20.0,31.0,49.0,0.0,3.0,29.0,5.0,15.0,4.0,4.0,12.0,22.0,6.0,63.0,16.0,22.0,4.0
Rome,6821.0,4378.0,1531.0,2130.0,3837.0,827.0,1170.0,0.0,153.0,474.0,3694.0,23.0,230.0,411.0,421.0,235.0,457.0,306.0,1801.0,1078.0,854.0,479.0,403.0,470.0,400.0,179.0,1526.0,175.0,614.0,456.0,200.0,186.0,247.0,230.0,517.0,205.0,691.0,149.0,168.0,43.0,96.0,26.0,268.0,423.0,54.0,60.0,218.0,12.0,117.0,131.0,86.0,10.0,27.0,75.0,449.0,203.0,93.0,298.0,57.0,704.0,67.0,4.0,162.0,50.0,53.0,64.0,1085.0,261.0,189.0,229.0,101.0,111.0,20.0,39.0,68.0,61.0,64.0,3885.0,33.0,244.0,36.0,63.0,22.0,3166.0,311.0,32.0,264.0,201.0,67.0,65.0,61.0,212.0,10.0,1776.0,11.0,108.0,216.0,46.0,6.0,77.0,361.0,31.0,54.0,44.0,16.0,167.0,18.0,8.0,643.0,21.0,209.0,28.0,33.0,42.0,13.0,158.0,605.0,17.0,11.0,12.0,11.0,46.0,2.0,42.0,54.0,29.0,20.0,45.0,28.0,77.0,84.0,21.0,299.0,5.0,86.0,25.0,569.0,6.0,71.0,26.0,5.0,95.0,5.0,8.0,92.0,24.0,8.0,226.0,98.0,120.0,11.0
Birmingham,525.0,7544.0,105.0,280.0,113.0,160.0,115.0,153.0,0.0,35.0,21.0,5.0,3554.0,82.0,43.0,12.0,40.0,62.0,140.0,127.0,108.0,93.0,101.0,51.0,79.0,23.0,28.0,1123.0,76.0,50.0,34.0,2015.0,17.0,11.0,420.0,43.0,138.0,63.0,28.0,14.0,25.0,5.0,20.0,40.0,14.0,1036.0,11.0,11.0,11.0,14.0,10.0,2.0,28.0,25.0,57.0,66.0,13.0,28.0,1331.0,10.0,7.0,0.0,21.0,7.0,30.0,6.0,13.0,2.0,22.0,16.0,1701.0,5.0,3.0,16.0,13.0,1409.0,1152.0,149.0,8.0,52.0,6.0,358.0,428.0,47.0,898.0,4.0,27.0,18.0,8.0,861.0,14.0,7.0,5.0,16.0,6.0,9.0,28.0,6.0,3.0,9.0,6.0,3.0,517.0,5.0,7.0,11.0,333.0,341.0,46.0,2.0,21.0,4.0,7.0,572.0,11.0,2.0,3.0,4.0,12.0,1.0,0.0,673.0,0.0,4.0,1032.0,0.0,3.0,505.0,8.0,3.0,43.0,2.0,4.0,1.0,12.0,2.0,12.0,0.0,4.0,16.0,1.0,3.0,0.0,1.0,1.0,1390.0,1.0,22.0,3.0,17.0,1.0
Lisbon,1071.0,1090.0,756.0,419.0,249.0,412.0,137.0,474.0,35.0,0.0,188.0,4.0,113.0,146.0,142.0,69.0,102.0,52.0,326.0,168.0,279.0,157.0,103.0,71.0,150.0,101.0,79.0,78.0,139.0,76.0,109.0,131.0,1145.0,173.0,132.0,94.0,303.0,87.0,34.0,10.0,29.0,6.0,78.0,73.0,58.0,24.0,20.0,5.0,20.0,26.0,22.0,5.0,12.0,32.0,106.0,68.0,26.0,45.0,17.0,50.0,4.0,2.0,113.0,7.0,19.0,30.0,115.0,12.0,51.0,40.0,69.0,15.0,3.0,59.0,28.0,30.0,8.0,96.0,12.0,32.0,13.0,23.0,108.0,191.0,86.0,9.0,102.0,22.0,24.0,6.0,9.0,11.0,14.0,89.0,8.0,11.0,51.0,14.0,3.0,11.0,9.0,59.0,12.0,21.0,6.0,15.0,4.0,9.0,114.0,2.0,40.0,2.0,8.0,68.0,0.0,10.0,38.0,1.0,34.0,4.0,0.0,6.0,3.0,1.0,13.0,4.0,2.0,11.0,32.0,8.0,40.0,5.0,6.0,1.0,13.0,6.0,28.0,0.0,44.0,17.0,1.0,49.0,27.0,2.0,2.0,5.0,0.0,33.0,7.0,20.0,4.0
Naples,1180.0,853.0,314.0,304.0,1652.0,320.0,200.0,3694.0,21.0,188.0,0.0,4.0,27.0,96.0,55.0,31.0,73.0,64.0,600.0,201.0,150.0,58.0,89.0,68.0,55.0,126.0,631.0,38.0,101.0,73.0,37.0,91.0,86.0,83.0,47.0,20.0,120.0,26.0,23.0,9.0,14.0,3.0,158.0,87.0,16.0,13.0,17.0,4.0,14.0,23.0,8.0,2.0,9.0,25.0,84.0,25.0,15.0,111.0,8.0,713.0,12.0,2.0,42.0,6.0,5.0,25.0,767.0,173.0,30.0,64.0,32.0,9.0,4.0,28.0,10.0,10.0,4.0,1253.0,8.0,58.0,12.0,25.0,44.0,1341.0,68.0,13.0,83.0,31.0,11.0,13.0,10.0,88.0,25.0,607.0,1.0,17.0,21.0,2.0,1.0,12.0,370.0,146.0,18.0,12.0,0.0,59.0,1.0,2.0,115.0,2.0,31.0,1.0,5.0,36.0,2.0,19.0,185.0,2.0,6.0,6.0,114.0,0.0,2.0,5.0,17.0,6.0,2.0,2.0,11.0,3.0,48.0,0.0,66.0,4.0,26.0,7.0,229.0,0.0,13.0,7.0,1.0,66.0,3.0,1.0,358.0,3.0,0.0,20.0,54.0,23.0,2.0
Katowice,58.0,44.0,19.0,66.0,8.0,13.0,7.0,23.0,5.0,4.0,4.0,0.0,3.0,12.0,24.0,14.0,375.0,11.0,51.0,21.0,19.0,18.0,17.0,34.0,9.0,4.0,3.0,2.0,37.0,0.0,11.0,3.0,4.0,3.0,6.0,8.0,16.0,6.0,6.0,5.0,4.0,143.0,5.0,4.0,3.0,1.0,319.0,3.0,3.0,4.0,9.0,0.0,8.0,1.0,6.0,5.0,2.0,7.0,0.0,2.0,181.0,1.0,3.0,178.0,3.0,1.0,1.0,1.0,7.0,1.0,2.0,9.0,0.0,2.0,2.0,0.0,2.0,6.0,120.0,9.0,1.0,1.0,0.0,5.0,3.0,0.0,3.0,0.0,18.0,0.0,3.0,0.0,0.0,2.0,1.0,0.0,6.0,2.0,66.0,1.0,2.0,0.0,1.0,2.0,1.0,2.0,3.0,0.0,7.0,44.0,6.0,3.0,7.0,0.0,2.0,4.0,0.0,21.0,2.0,1.0,0.0,0.0,0.0,62.0,5.0,0.0,1.0,1.0,1.0,16.0,0.0,1.0,0.0,0.0,2.0,2.0,1.0,0.0,0.0,3.0,1.0,0.0,0.0,0.0,0.0,2.0,2.0,5.0,0.0,1.0,53.0
Manchester,972.0,10368.0,843.0,416.0,594.0,868.0,169.0,230.0,3554.0,113.0,27.0,3.0,0.0,162.0,67.0,35.0,73.0,83.0,186.0,812.0,185.0,103.0,130.0,74.0,188.0,226.0,38.0,1844.0,106.0,170.0,35.0,7544.0,209.0,14.0,794.0,60.0,275.0,104.0,38.0,26.0,75.0,26.0,108.0,134.0,67.0,2482.0,18.0,24.0,19.0,12.0,16.0,10.0,163.0,103.0,127.0,86.0,76.0,33.0,3245.0,17.0,29.0,4.0,70.0,19.0,51.0,22.0,34.0,7.0,29.0,25.0,1490.0,14.0,6.0,44.0,31.0,3320.0,1514.0,144.0,11.0,102.0,10.0,578.0,819.0,89.0,1380.0,6.0,65.0,47.0,21.0,1338.0,16.0,7.0,8.0,44.0,3.0,9.0,37.0,9.0,4.0,15.0,10.0,3.0,876.0,9.0,1.0,30.0,426.0,835.0,90.0,5.0,112.0,6.0,8.0,1386.0,27.0,15.0,4.0,7.0,6.0,2.0,0.0,1218.0,0.0,9.0,1254.0,3.0,4.0,1013.0,8.0,11.0,396.0,11.0,14.0,10.0,26.0,6.0,21.0,2.0,13.0,80.0,9.0,9.0,0.0,1.0,3.0,782.0,3.0,33.0,6.0,18.0,0.0
Hamburg,1328.0,1853.0,361.0,4309.0,291.0,280.0,112.0,411.0,82.0,146.0,96.0,12.0,162.0,0.0,210.0,43.0,193.0,693.0,1245.0,1668.0,300.0,352.0,1275.0,967.0,573.0,66.0,49.0,114.0,354.0,77.0,60.0,299.0,45.0,29.0,135.0,109.0,638.0,249.0,533.0,250.0,28.0,20.0,77.0,228.0,32.0,71.0,60.0,95.0,25.0,263.0,90.0,100.0,256.0,535.0,447.0,201.0,1599.0,678.0,21.0,45.0,37.0,51.0,83.0,56.0,72.0,9.0,84.0,14.0,82.0,72.0,45.0,24.0,86.0,22.0,19.0,64.0,39.0,125.0,56.0,762.0,245.0,55.0,28.0,221.0,162.0,3.0,52.0,33.0,37.0,10.0,194.0,5.0,11.0,60.0,121.0,20.0,89.0,33.0,39.0,18.0,13.0,10.0,42.0,144.0,63.0,56.0,10.0,11.0,157.0,12.0,213.0,14.0,39.0,95.0,2.0,120.0,20.0,6.0,10.0,3.0,0.0,8.0,4.0,9.0,48.0,3.0,4.0,15.0,5.0,9.0,20.0,7.0,2.0,3.0,32.0,7.0,49.0,0.0,9.0,28.0,6.0,9.0,5.0,4.0,0.0,6.0,4.0,358.0,5.0,38.0,20.0
Budapest,1181.0,976.0,205.0,1093.0,228.0,196.0,202.0,421.0,43.0,142.0,55.0,24.0,67.0,210.0,0.0,345.0,427.0,128.0,1977.0,406.0,254.0,258.0,175.0,118.0,160.0,25.0,72.0,56.0,825.0,59.0,281.0,29.0,34.0,43.0,84.0,166.0,258.0,52.0,55.0,22.0,23.0,24.0,33.0,77.0,24.0,17.0,112.0,5.0,47.0,48.0,83.0,5.0,32.0,29.0,207.0,95.0,35.0,138.0,20.0,32.0,36.0,0.0,36.0,38.0,39.0,6.0,27.0,12.0,69.0,27.0,27.0,36.0,8.0,21.0,8.0,28.0,13.0,112.0,24.0,180.0,28.0,17.0,8.0,160.0,79.0,1.0,51.0,25.0,342.0,9.0,41.0,10.0,9.0,51.0,6.0,13.0,76.0,59.0,12.0,14.0,17.0,3.0,14.0,14.0,5.0,14.0,6.0,2.0,138.0,6.0,59.0,14.0,94.0,5.0,3.0,20.0,10.0,16.0,6.0,10.0,1.0,4.0,1.0,10.0,18.0,29.0,25.0,3.0,13.0,331.0,19.0,96.0,12.0,16.0,23.0,34.0,37.0,0.0,2.0,18.0,9.0,7.0,2.0,11.0,1.0,4.0,48.0,52.0,2.0,20.0,7.0
Bucharest,916.0,396.0,137.0,403.0,104.0,84.0,150.0,235.0,12.0,69.0,31.0,14.0,35.0,43.0,345.0,0.0,204.0,56.0,425.0,114.0,149.0,75.0,63.0,24.0,63.0,26.0,25.0,12.0,209.0,28.0,269.0,30.0,17.0,14.0,35.0,48.0,82.0,21.0,21.0,9.0,12.0,13.0,22.0,18.0,27.0,9.0,39.0,3.0,75.0,9.0,46.0,3.0,12.0,5.0,50.0,35.0,5.0,29.0,7.0,22.0,13.0,0.0,24.0,12.0,10.0,1.0,16.0,4.0,30.0,14.0,12.0,25.0,4.0,10.0,8.0,11.0,11.0,33.0,9.0,69.0,5.0,9.0,3.0,61.0,36.0,1.0,30.0,21.0,47.0,1.0,8.0,6.0,3.0,30.0,2.0,2.0,34.0,13.0,2.0,13.0,13.0,2.0,6.0,22.0,3.0,4.0,1.0,7.0,80.0,3.0,16.0,11.0,21.0,7.0,2.0,4.0,10.0,3.0,3.0,335.0,0.0,0.0,0.0,8.0,11.0,894.0,23.0,1.0,8.0,1112.0,5.0,422.0,2.0,252.0,19.0,33.0,23.0,0.0,1.0,8.0,4.0,6.0,0.0,381.0,0.0,3.0,361.0,29.0,6.0,14.0,4.0
Warsaw,1552.0,1227.0,262.0,1440.0,197.0,155.0,129.0,457.0,40.0,102.0,73.0,375.0,73.0,193.0,427.0,204.0,0.0,74.0,1047.0,317.0,287.0,232.0,194.0,94.0,144.0,43.0,51.0,45.0,822.0,52.0,156.0,37.0,27.0,24.0,99.0,182.0,249.0,86.0,55.0,28.0,22.0,1178.0,31.0,50.0,25.0,9.0,1862.0,13.0,35.0,41.0,230.0,4.0,32.0,36.0,171.0,102.0,20.0,271.0,18.0,25.0,1101.0,5.0,28.0,658.0,35.0,4.0,22.0,9.0,70.0,21.0,46.0,501.0,5.0,14.0,17.0,33.0,11.0,80.0,683.0,193.0,21.0,18.0,6.0,174.0,77.0,1.0,68.0,31.0,109.0,10.0,23.0,8.0,0.0,49.0,9.0,7.0,54.0,107.0,216.0,20.0,11.0,5.0,13.0,35.0,5.0,22.0,12.0,2.0,184.0,267.0,49.0,108.0,44.0,9.0,3.0,36.0,22.0,29.0,4.0,4.0,0.0,1.0,0.0,781.0,7.0,12.0,12.0,7.0,10.0,33.0,11.0,13.0,11.0,3.0,18.0,22.0,32.0,0.0,8.0,11.0,2.0,3.0,1.0,2.0,1.0,10.0,8.0,80.0,5.0,23.0,199.0
Stuttgart,700.0,551.0,326.0,1583.0,174.0,191.0,74.0,306.0,62.0,52.0,64.0,11.0,83.0,693.0,128.0,56.0,74.0,0.0,634.0,1381.0,158.0,108.0,873.0,418.0,113.0,38.0,45.0,50.0,169.0,70.0,77.0,57.0,31.0,21.0,49.0,57.0,197.0,68.0,303.0,161.0,32.0,13.0,43.0,42.0,9.0,18.0,21.0,91.0,17.0,215.0,34.0,58.0,268.0,158.0,390.0,68.0,260.0,333.0,7.0,20.0,11.0,28.0,42.0,21.0,36.0,6.0,17.0,7.0,33.0,22.0,15.0,10.0,76.0,6.0,21.0,30.0,18.0,56.0,9.0,358.0,313.0,8.0,6.0,91.0,67.0,3.0,21.0,25.0,28.0,9.0,404.0,3.0,1.0,38.0,82.0,11.0,126.0,10.0,7.0,16.0,4.0,4.0,10.0,142.0,40.0,22.0,6.0,17.0,104.0,3.0,237.0,2.0,29.0,10.0,4.0,208.0,2.0,15.0,2.0,1.0,0.0,11.0,0.0,5.0,12.0,0.0,13.0,8.0,5.0,17.0,11.0,10.0,6.0,1.0,13.0,7.0,27.0,0.0,3.0,16.0,3.0,6.0,2.0,3.0,3.0,6.0,2.0,166.0,1.0,15.0,2.0
Vienna,5275.0,4215.0,728.0,5518.0,1183.0,493.0,401.0,1801.0,140.0,326.0,600.0,51.0,186.0,1245.0,1977.0,425.0,1047.0,634.0,0.0,2729.0,975.0,551.0,1141.0,751.0,514.0,84.0,301.0,147.0,2658.0,210.0,301.0,137.0,78.0,98.0,237.0,238.0,926.0,202.0,369.0,138.0,69.0,73.0,109.0,286.0,62.0,37.0,553.0,56.0,91.0,339.0,141.0,40.0,130.0,240.0,1118.0,232.0,196.0,973.0,39.0,109.0,111.0,8.0,102.0,158.0,87.0,13.0,165.0,27.0,222.0,76.0,72.0,91.0,62.0,21.0,32.0,69.0,35.0,552.0,49.0,961.0,235.0,33.0,14.0,1079.0,367.0,14.0,153.0,61.0,488.0,25.0,222.0,40.0,13.0,291.0,49.0,30.0,259.0,60.0,22.0,48.0,30.0,10.0,50.0,176.0,43.0,117.0,12.0,2.0,654.0,30.0,424.0,20.0,406.0,27.0,5.0,197.0,149.0,61.0,14.0,12.0,1.0,6.0,3.0,56.0,37.0,86.0,46.0,21.0,9.0,210.0,31.0,116.0,29.0,15.0,57.0,40.0,233.0,1.0,9.0,37.0,3.0,15.0,4.0,37.0,5.0,11.0,56.0,363.0,12.0,82.0,9.0
Munich,3075.0,2345.0,902.0,5120.0,840.0,785.0,357.0,1078.0,127.0,168.0,201.0,21.0,812.0,1668.0,406.0,114.0,317.0,1381.0,2729.0,0.0,469.0,322.0,1719.0,987.0,360.0,172.0,121.0,130.0,771.0,203.0,126.0,326.0,141.0,77.0,142.0,141.0,602.0,156.0,778.0,249.0,51.0,44.0,125.0,167.0,57.0,79.0,183.0,165.0,53.0,804.0,83.0,159.0,671.0,296.0,967.0,180.0,576.0,926.0,53.0,83.0,85.0,44.0,98.0,86.0,65.0,31.0,64.0,17.0,103.0,70.0,71.0,35.0,128.0,28.0,26.0,131.0,77.0,345.0,29.0,1003.0,368.0,30.0,15.0,465.0,192.0,5.0,104.0,69.0,78.0,35.0,412.0,18.0,10.0,130.0,107.0,13.0,261.0,28.0,13.0,46.0,19.0,7.0,31.0,263.0,61.0,51.0,12.0,15.0,348.0,5.0,362.0,17.0,58.0,39.0,11.0,816.0,38.0,11.0,12.0,6.0,0.0,18.0,2.0,25.0,48.0,17.0,20.0,23.0,12.0,61.0,23.0,20.0,19.0,3.0,32.0,23.0,140.0,0.0,10.0,69.0,6.0,11.0,3.0,10.0,2.0,22.0,14.0,518.0,5.0,37.0,5.0
Brussels,4461.0,2838.0,623.0,1346.0,504.0,369.0,225.0,854.0,108.0,279.0,150.0,19.0,185.0,300.0,254.0,149.0,287.0,158.0,975.0,469.0,0.0,332.0,437.0,396.0,350.0,48.0,140.0,110.0,342.0,234.0,85.0,89.0,51.0,58.0,249.0,148.0,1173.0,284.0,170.0,50.0,290.0,19.0,167.0,1715.0,57.0,46.0,47.0,13.0,42.0,53.0,55.0,18.0,31.0,62.0,359.0,182.0,51.0,135.0,25.0,40.0,24.0,4.0,159.0,19.0,45.0,11.0,66.0,15.0,397.0,130.0,65.0,37.0,20.0,29.0,70.0,51.0,24.0,179.0,17.0,142.0,33.0,45.0,15.0,247.0,204.0,4.0,154.0,761.0,44.0,28.0,39.0,18.0,5.0,93.0,17.0,57.0,339.0,34.0,5.0,43.0,16.0,15.0,37.0,35.0,11.0,157.0,12.0,1.0,502.0,4.0,105.0,9.0,17.0,22.0,22.0,35.0,22.0,12.0,6.0,3.0,0.0,5.0,1.0,12.0,40.0,16.0,6.0,24.0,21.0,17.0,19.0,9.0,7.0,3.0,70.0,8.0,40.0,1.0,20.0,62.0,333.0,9.0,4.0,5.0,2.0,14.0,4.0,172.0,7.0,769.0,1.0
Stockholm,1581.0,1982.0,298.0,1122.0,265.0,209.0,176.0,479.0,93.0,157.0,58.0,18.0,103.0,352.0,258.0,75.0,232.0,108.0,551.0,322.0,332.0,0.0,194.0,152.0,1156.0,42.0,61.0,86.0,260.0,63.0,184.0,74.0,20.0,36.0,142.0,873.0,490.0,105.0,89.0,50.0,24.0,10.0,30.0,107.0,21.0,37.0,40.0,5.0,24.0,37.0,205.0,9.0,13.0,46.0,232.0,889.0,60.0,104.0,21.0,23.0,17.0,4.0,35.0,21.0,1412.0,5.0,19.0,1.0,102.0,24.0,33.0,49.0,5.0,29.0,13.0,36.0,24.0,85.0,35.0,123.0,28.0,26.0,19.0,139.0,127.0,2.0,68.0,18.0,35.0,14.0,30.0,15.0,9.0,38.0,6.0,9.0,45.0,234.0,16.0,16.0,11.0,8.0,30.0,30.0,9.0,42.0,5.0,1.0,168.0,5.0,90.0,16.0,15.0,19.0,1.0,9.0,7.0,14.0,6.0,1.0,0.0,1.0,0.0,9.0,20.0,7.0,1.0,9.0,12.0,26.0,8.0,5.0,3.0,3.0,10.0,3.0,15.0,0.0,1.0,20.0,5.0,4.0,3.0,2.0,1.0,7.0,3.0,64.0,11.0,30.0,13.0
Frankfurt,1616.0,1748.0,342.0,3244.0,303.0,251.0,135.0,403.0,101.0,103.0,89.0,17.0,130.0,1275.0,175.0,63.0,194.0,873.0,1141.0,1719.0,437.0,194.0,0.0,1288.0,189.0,42.0,65.0,72.0,351.0,132.0,49.0,76.0,38.0,23.0,116.0,72.0,658.0,125.0,538.0,215.0,37.0,23.0,56.0,156.0,24.0,40.0,56.0,127.0,21.0,416.0,35.0,154.0,381.0,308.0,518.0,104.0,326.0,499.0,15.0,34.0,61.0,35.0,58.0,89.0,33.0,12.0,47.0,10.0,66.0,44.0,32.0,31.0,210.0,18.0,20.0,38.0,18.0,113.0,32.0,807.0,494.0,16.0,10.0,170.0,117.0,4.0,59.0,53.0,34.0,15.0,272.0,10.0,9.0,73.0,92.0,10.0,249.0,12.0,30.0,9.0,12.0,6.0,13.0,580.0,46.0,50.0,10.0,1.0,314.0,7.0,377.0,9.0,34.0,13.0,0.0,214.0,12.0,5.0,6.0,4.0,0.0,7.0,0.0,15.0,13.0,7.0,6.0,10.0,6.0,19.0,15.0,11.0,12.0,1.0,28.0,9.0,49.0,0.0,1.0,25.0,10.0,11.0,1.0,3.0,1.0,5.0,6.0,379.0,2.0,26.0,1.0
Cologne,1125.0,931.0,153.0,2020.0,230.0,158.0,57.0,470.0,51.0,71.0,68.0,34.0,74.0,967.0,118.0,24.0,94.0,418.0,751.0,987.0,396.0,152.0,1288.0,0.0,159.0,36.0,51.0,49.0,210.0,81.0,51.0,41.0,20.0,32.0,76.0,60.0,444.0,130.0,1014.0,402.0,44.0,18.0,36.0,238.0,19.0,8.0,40.0,126.0,14.0,225.0,45.0,270.0,373.0,245.0,279.0,75.0,274.0,265.0,9.0,21.0,17.0,90.0,37.0,45.0,23.0,9.0,31.0,7.0,81.0,27.0,28.0,13.0,74.0,5.0,11.0,25.0,13.0,95.0,32.0,404.0,193.0,13.0,4.0,159.0,75.0,3.0,33.0,228.0,29.0,10.0,148.0,7.0,5.0,71.0,103.0,25.0,198.0,12.0,10.0,14.0,6.0,3.0,15.0,159.0,169.0,169.0,8.0,1.0,114.0,10.0,223.0,5.0,12.0,9.0,1.0,145.0,28.0,4.0,4.0,0.0,0.0,4.0,1.0,3.0,19.0,0.0,3.0,6.0,3.0,46.0,28.0,3.0,13.0,0.0,17.0,3.0,28.0,0.0,1.0,31.0,9.0,5.0,0.0,5.0,0.0,9.0,4.0,1117.0,1.0,65.0,2.0
Copenhagen,1504.0,1530.0,250.0,1055.0,240.0,219.0,155.0,400.0,79.0,150.0,55.0,9.0,188.0,573.0,160.0,63.0,144.0,113.0,514.0,360.0,350.0,1156.0,189.0,159.0,0.0,49.0,37.0,130.0,247.0,51.0,49.0,90.0,36.0,31.0,166.0,339.0,546.0,119.0,82.0,31.0,122.0,9.0,49.0,85.0,24.0,64.0,36.0,7.0,23.0,44.0,103.0,18.0,31.0,74.0,202.0,908.0,115.0,148.0,27.0,16.0,27.0,3.0,48.0,17.0,304.0,10.0,34.0,8.0,113.0,35.0,46.0,38.0,6.0,21.0,15.0,39.0,31.0,113.0,28.0,151.0,27.0,39.0,57.0,135.0,143.0,1.0,51.0,30.0,20.0,23.0,34.0,8.0,12.0,47.0,6.0,11.0,55.0,95.0,12.0,13.0,8.0,14.0,17.0,19.0,6.0,50.0,4.0,6.0,172.0,5.0,82.0,13.0,20.0,31.0,8.0,18.0,17.0,2.0,7.0,4.0,0.0,3.0,0.0,5.0,34.0,2.0,5.0,6.0,13.0,20.0,8.0,3.0,6.0,2.0,25.0,7.0,11.0,0.0,8.0,29.0,8.0,1.0,3.0,4.0,0.0,5.0,2.0,81.0,7.0,40.0,15.0
Valencia,358.0,250.0,1869.0,136.0,204.0,1679.0,57.0,179.0,23.0,101.0,126.0,4.0,226.0,66.0,25.0,26.0,43.0,38.0,84.0,172.0,48.0,42.0,42.0,36.0,49.0,0.0,24.0,32.0,55.0,69.0,88.0,128.0,96.0,314.0,39.0,20.0,63.0,39.0,14.0,10.0,30.0,2.0,88.0,20.0,296.0,40.0,15.0,2.0,14.0,9.0,8.0,6.0,41.0,2.0,44.0,15.0,30.0,20.0,13.0,26.0,7.0,2.0,48.0,5.0,21.0,432.0,60.0,9.0,9.0,38.0,9.0,9.0,3.0,290.0,12.0,43.0,21.0,60.0,5.0,25.0,4.0,6.0,16.0,73.0,26.0,385.0,18.0,16.0,6.0,18.0,9.0,17.0,61.0,47.0,3.0,3.0,16.0,1.0,3.0,14.0,5.0,16.0,11.0,3.0,1.0,18.0,8.0,12.0,39.0,0.0,33.0,8.0,51.0,18.0,7.0,3.0,8.0,5.0,78.0,6.0,0.0,30.0,34.0,1.0,23.0,2.0,3.0,9.0,486.0,6.0,328.0,2.0,5.0,4.0,44.0,3.0,19.0,0.0,213.0,37.0,3.0,183.0,43.0,7.0,0.0,4.0,2.0,8.0,8.0,9.0,7.0
Turin,925.0,576.0,171.0,270.0,1816.0,136.0,81.0,1526.0,28.0,79.0,631.0,3.0,38.0,49.0,72.0,25.0,51.0,45.0,301.0,121.0,140.0,61.0,65.0,51.0,37.0,24.0,0.0,31.0,73.0,175.0,39.0,36.0,43.0,26.0,33.0,28.0,97.0,24.0,25.0,14.0,20.0,4.0,61.0,39.0,21.0,5.0,16.0,3.0,9.0,7.0,18.0,4.0,17.0,12.0,87.0,31.0,19.0,76.0,9.0,214.0,9.0,1.0,34.0,8.0,8.0,13.0,677.0,77.0,30.0,20.0,20.0,4.0,3.0,2.0,12.0,21.0,11.0,650.0,6.0,40.0,11.0,7.0,2.0,670.0,36.0,5.0,168.0,19.0,9.0,5.0,10.0,97.0,3.0,491.0,3.0,8.0,34.0,26.0,1.0,33.0,96.0,20.0,6.0,14.0,0.0,20.0,4.0,2.0,187.0,2.0,48.0,2.0,8.0,5.0,1.0,10.0,142.0,3.0,0.0,3.0,5.0,8.0,0.0,2.0,9.0,5.0,3.0,4.0,0.0,11.0,10.0,3.0,141.0,2.0,20.0,3.0,201.0,4.0,3.0,7.0,2.0,11.0,2.0,1.0,16.0,8.0,2.0,16.0,11.0,26.0,0.0
Glasgow,682.0,5978.0,120.0,319.0,99.0,106.0,76.0,175.0,1123.0,78.0,38.0,2.0,1844.0,114.0,56.0,12.0,45.0,50.0,147.0,130.0,110.0,86.0,72.0,49.0,130.0,32.0,31.0,0.0,52.0,83.0,15.0,1433.0,27.0,23.0,659.0,46.0,185.0,73.0,29.0,13.0,19.0,6.0,27.0,43.0,18.0,816.0,10.0,9.0,11.0,8.0,17.0,4.0,17.0,29.0,83.0,63.0,22.0,41.0,564.0,5.0,12.0,3.0,32.0,8.0,29.0,6.0,23.0,0.0,22.0,29.0,623.0,9.0,5.0,16.0,22.0,730.0,330.0,86.0,3.0,66.0,10.0,783.0,152.0,87.0,6959.0,3.0,40.0,9.0,8.0,258.0,16.0,6.0,9.0,26.0,7.0,14.0,18.0,7.0,2.0,19.0,7.0,16.0,243.0,4.0,1.0,33.0,85.0,83.0,66.0,2.0,28.0,2.0,8.0,270.0,5.0,3.0,6.0,2.0,9.0,1.0,1.0,96.0,0.0,1.0,641.0,0.0,3.0,178.0,8.0,5.0,23.0,1.0,0.0,0.0,22.0,3.0,10.0,0.0,6.0,21.0,1.0,4.0,1.0,0.0,0.0,154.0,1.0,33.0,4.0,18.0,6.0
Prague,1649.0,1386.0,323.0,1821.0,466.0,230.0,207.0,614.0,76.0,139.0,101.0,37.0,106.0,354.0,825.0,209.0,822.0,169.0,2658.0,771.0,342.0,260.0,351.0,210.0,247.0,55.0,73.0,52.0,0.0,82.0,247.0,81.0,42.0,43.0,116.0,176.0,383.0,79.0,96.0,28.0,41.0,59.0,61.0,101.0,31.0,24.0,299.0,16.0,36.0,159.0,119.0,15.0,54.0,57.0,283.0,94.0,56.0,517.0,23.0,58.0,86.0,3.0,48.0,172.0,45.0,14.0,45.0,10.0,65.0,33.0,39.0,96.0,19.0,12.0,18.0,35.0,21.0,155.0,58.0,420.0,56.0,17.0,9.0,307.0,106.0,4.0,46.0,41.0,671.0,17.0,56.0,11.0,7.0,100.0,8.0,10.0,117.0,56.0,21.0,16.0,15.0,10.0,23.0,46.0,7.0,38.0,13.0,6.0,198.0,11.0,123.0,35.0,1503.0,28.0,8.0,59.0,63.0,353.0,8.0,4.0,0.0,6.0,1.0,32.0,28.0,20.0,25.0,3.0,9.0,58.0,17.0,24.0,10.0,4.0,26.0,26.0,41.0,0.0,9.0,23.0,4.0,5.0,1.0,12.0,2.0,10.0,7.0,109.0,4.0,26.0,9.0
Lyon,3582.0,870.0,300.0,260.0,275.0,287.0,67.0,456.0,50.0,76.0,73.0,0.0,170.0,77.0,59.0,28.0,52.0,70.0,210.0,203.0,234.0,63.0,132.0,81.0,51.0,69.0,175.0,83.0,82.0,0.0,32.0,124.0,64.0,31.0,62.0,29.0,152.0,48.0,20.0,9.0,400.0,6.0,923.0,82.0,25.0,39.0,14.0,8.0,16.0,13.0,8.0,10.0,27.0,14.0,100.0,33.0,24.0,40.0,20.0,24.0,4.0,0.0,635.0,12.0,27.0,21.0,64.0,4.0,38.0,536.0,32.0,6.0,6.0,16.0,254.0,34.0,14.0,132.0,8.0,47.0,16.0,12.0,22.0,185.0,214.0,4.0,342.0,45.0,14.0,20.0,21.0,7.0,3.0,58.0,5.0,142.0,336.0,6.0,0.0,315.0,11.0,109.0,42.0,7.0,3.0,16.0,7.0,6.0,368.0,3.0,78.0,6.0,7.0,15.0,89.0,10.0,23.0,3.0,5.0,1.0,0.0,5.0,1.0,1.0,21.0,2.0,4.0,21.0,7.0,5.0,9.0,4.0,10.0,0.0,330.0,3.0,30.0,1.0,9.0,13.0,6.0,10.0,0.0,1.0,1.0,13.0,0.0,22.0,0.0,32.0,3.0
Sofia,511.0,445.0,594.0,434.0,127.0,171.0,255.0,200.0,34.0,109.0,37.0,11.0,35.0,60.0,281.0,269.0,156.0,77.0,301.0,126.0,85.0,184.0,49.0,51.0,49.0,88.0,39.0,15.0,247.0,32.0,0.0,58.0,41.0,26.0,42.0,93.0,93.0,47.0,30.0,23.0,16.0,16.0,21.0,24.0,32.0,10.0,38.0,9.0,186.0,17.0,76.0,5.0,19.0,16.0,63.0,55.0,16.0,46.0,11.0,19.0,17.0,1.0,17.0,22.0,32.0,16.0,28.0,5.0,26.0,17.0,12.0,37.0,3.0,19.0,18.0,12.0,21.0,45.0,22.0,61.0,7.0,17.0,5.0,106.0,36.0,15.0,29.0,33.0,63.0,2.0,16.0,6.0,17.0,35.0,4.0,5.0,30.0,56.0,0.0,10.0,15.0,1.0,4.0,11.0,3.0,5.0,3.0,4.0,54.0,3.0,54.0,11.0,30.0,3.0,3.0,2.0,14.0,27.0,3.0,20.0,0.0,2.0,4.0,10.0,21.0,21.0,900.0,12.0,4.0,92.0,12.0,18.0,5.0,8.0,12.0,569.0,24.0,0.0,13.0,15.0,5.0,12.0,2.0,12.0,2.0,4.0,14.0,22.0,13.0,8.0,3.0
Liverpool,649.0,7379.0,551.0,238.0,505.0,473.0,105.0,186.0,2015.0,131.0,91.0,3.0,7544.0,299.0,29.0,30.0,37.0,57.0,137.0,326.0,89.0,74.0,76.0,41.0,90.0,128.0,36.0,1433.0,81.0,124.0,58.0,0.0,174.0,24.0,746.0,25.0,160.0,103.0,25.0,9.0,44.0,8.0,106.0,118.0,58.0,1730.0,8.0,14.0,11.0,19.0,20.0,6.0,157.0,48.0,58.0,66.0,72.0,54.0,1389.0,28.0,15.0,3.0,85.0,10.0,28.0,15.0,49.0,8.0,10.0,32.0,1102.0,8.0,6.0,24.0,38.0,2360.0,989.0,111.0,7.0,54.0,7.0,672.0,536.0,117.0,864.0,8.0,26.0,29.0,7.0,759.0,12.0,5.0,1.0,19.0,2.0,9.0,20.0,11.0,2.0,8.0,27.0,13.0,674.0,8.0,2.0,23.0,279.0,599.0,45.0,0.0,140.0,9.0,6.0,1091.0,31.0,15.0,12.0,4.0,17.0,0.0,0.0,735.0,0.0,2.0,863.0,1.0,8.0,489.0,3.0,10.0,92.0,4.0,6.0,4.0,13.0,4.0,15.0,0.0,8.0,61.0,10.0,10.0,0.0,1.0,1.0,534.0,1.0,22.0,3.0,10.0,3.0
Porto,312.0,272.0,363.0,91.0,233.0,269.0,85.0,247.0,17.0,1145.0,86.0,4.0,209.0,45.0,34.0,17.0,27.0,31.0,78.0,141.0,51.0,20.0,38.0,20.0,36.0,96.0,43.0,27.0,42.0,64.0,41.0,174.0,0.0,58.0,40.0,20.0,76.0,35.0,9.0,6.0,31.0,6.0,86.0,17.0,32.0,39.0,11.0,1.0,21.0,4.0,11.0,2.0,45.0,8.0,32.0,12.0,23.0,12.0,16.0,85.0,10.0,9.0,38.0,3.0,8.0,20.0,108.0,19.0,8.0,20.0,11.0,2.0,0.0,33.0,20.0,15.0,17.0,51.0,4.0,25.0,4.0,10.0,23.0,118.0,25.0,7.0,23.0,28.0,20.0,28.0,4.0,4.0,8.0,45.0,2.0,4.0,28.0,4.0,2.0,6.0,16.0,26.0,9.0,2.0,1.0,15.0,9.0,8.0,30.0,1.0,62.0,1.0,4.0,14.0,8.0,4.0,16.0,1.0,9.0,2.0,2.0,17.0,4.0,3.0,11.0,3.0,0.0,4.0,9.0,12.0,16.0,5.0,5.0,2.0,10.0,1.0,25.0,1.0,10.0,45.0,3.0,28.0,17.0,2.0,2.0,4.0,3.0,9.0,18.0,8.0,2.0
Seville,351.0,273.0,1042.0,120.0,121.0,506.0,50.0,230.0,11.0,173.0,83.0,3.0,14.0,29.0,43.0,14.0,24.0,21.0,98.0,77.0,58.0,36.0,23.0,32.0,31.0,314.0,26.0,23.0,43.0,31.0,26.0,24.0,58.0,0.0,47.0,13.0,44.0,13.0,6.0,3.0,6.0,1.0,16.0,30.0,119.0,6.0,6.0,1.0,3.0,10.0,11.0,1.0,2.0,16.0,43.0,17.0,9.0,20.0,7.0,25.0,8.0,1.0,17.0,4.0,6.0,200.0,49.0,6.0,6.0,24.0,13.0,3.0,2.0,365.0,7.0,7.0,4.0,61.0,6.0,14.0,2.0,8.0,2.0,79.0,30.0,129.0,17.0,6.0,4.0,2.0,8.0,3.0,23.0,36.0,1.0,11.0,6.0,5.0,1.0,3.0,10.0,3.0,4.0,4.0,1.0,12.0,0.0,2.0,31.0,2.0,7.0,1.0,3.0,4.0,0.0,9.0,4.0,1.0,49.0,0.0,0.0,0.0,30.0,1.0,7.0,3.0,0.0,0.0,81.0,4.0,542.0,2.0,5.0,0.0,6.0,2.0,17.0,0.0,167.0,3.0,0.0,602.0,25.0,0.0,0.0,0.0,0.0,7.0,3.0,7.0,2.0
Dublin,1145.0,5868.0,240.0,412.0,150.0,163.0,127.0,517.0,420.0,132.0,47.0,6.0,794.0,135.0,84.0,35.0,99.0,49.0,237.0,142.0,249.0,142.0,116.0,76.0,166.0,39.0,33.0,659.0,116.0,62.0,42.0,746.0,40.0,47.0,0.0,60.0,281.0,63.0,43.0,8.0,19.0,8.0,27.0,60.0,42.0,290.0,26.0,11.0,13.0,24.0,35.0,3.0,13.0,52.0,110.0,100.0,30.0,28.0,183.0,10.0,11.0,1.0,53.0,12.0,32.0,9.0,11.0,11.0,55.0,46.0,381.0,23.0,4.0,32.0,18.0,263.0,150.0,171.0,9.0,40.0,10.0,2805.0,97.0,127.0,1005.0,4.0,49.0,15.0,20.0,146.0,9.0,11.0,11.0,41.0,2.0,13.0,32.0,26.0,0.0,21.0,2.0,15.0,135.0,13.0,3.0,30.0,40.0,34.0,110.0,0.0,62.0,10.0,10.0,132.0,4.0,8.0,16.0,4.0,3.0,1.0,0.0,51.0,3.0,4.0,249.0,4.0,1.0,78.0,15.0,41.0,15.0,3.0,3.0,2.0,15.0,4.0,10.0,0.0,8.0,15.0,10.0,11.0,6.0,1.0,2.0,95.0,1.0,51.0,7.0,21.0,2.0
Helsinki,575.0,751.0,138.0,479.0,105.0,121.0,145.0,205.0,43.0,94.0,20.0,8.0,60.0,109.0,166.0,48.0,182.0,57.0,238.0,141.0,148.0,873.0,72.0,60.0,339.0,20.0,28.0,46.0,176.0,29.0,93.0,25.0,20.0,13.0,60.0,0.0,177.0,53.0,36.0,17.0,14.0,11.0,15.0,39.0,10.0,16.0,26.0,5.0,15.0,34.0,157.0,6.0,14.0,15.0,120.0,283.0,23.0,52.0,16.0,19.0,14.0,3.0,14.0,13.0,140.0,5.0,16.0,2.0,43.0,15.0,23.0,48.0,6.0,11.0,10.0,16.0,18.0,43.0,22.0,46.0,19.0,8.0,11.0,56.0,70.0,4.0,34.0,11.0,43.0,8.0,24.0,6.0,1.0,25.0,8.0,8.0,32.0,427.0,8.0,10.0,5.0,1.0,6.0,17.0,1.0,13.0,8.0,1.0,90.0,1.0,27.0,27.0,7.0,10.0,1.0,7.0,5.0,40.0,6.0,0.0,2.0,2.0,0.0,5.0,12.0,3.0,3.0,9.0,8.0,8.0,4.0,3.0,1.0,0.0,5.0,19.0,17.0,0.0,2.0,17.0,1.0,1.0,4.0,2.0,0.0,2.0,0.0,38.0,8.0,22.0,19.0
Amsterdam,2973.0,3815.0,552.0,1802.0,459.0,509.0,202.0,691.0,138.0,303.0,120.0,16.0,275.0,638.0,258.0,82.0,249.0,197.0,926.0,602.0,1173.0,490.0,658.0,444.0,546.0,63.0,97.0,185.0,383.0,152.0,93.0,160.0,76.0,44.0,281.0,177.0,0.0,1734.0,227.0,104.0,87.0,14.0,123.0,817.0,52.0,82.0,71.0,23.0,38.0,49.0,78.0,42.0,55.0,95.0,456.0,237.0,105.0,178.0,49.0,36.0,48.0,10.0,89.0,29.0,87.0,12.0,62.0,9.0,1366.0,74.0,80.0,42.0,17.0,40.0,51.0,72.0,49.0,173.0,35.0,209.0,59.0,84.0,41.0,392.0,289.0,7.0,141.0,86.0,41.0,25.0,50.0,17.0,14.0,82.0,20.0,41.0,103.0,44.0,12.0,27.0,20.0,15.0,49.0,37.0,21.0,1269.0,14.0,11.0,279.0,2.0,202.0,8.0,19.0,50.0,8.0,36.0,27.0,9.0,16.0,2.0,5.0,7.0,3.0,10.0,59.0,0.0,9.0,37.0,26.0,28.0,33.0,2.0,11.0,2.0,51.0,14.0,48.0,0.0,6.0,336.0,14.0,10.0,7.0,3.0,0.0,15.0,1.0,126.0,11.0,162.0,2.0
Rotterdam,567.0,878.0,156.0,455.0,118.0,163.0,50.0,149.0,63.0,87.0,26.0,6.0,104.0,249.0,52.0,21.0,86.0,68.0,202.0,156.0,284.0,105.0,125.0,130.0,119.0,39.0,24.0,73.0,79.0,48.0,47.0,103.0,35.0,13.0,63.0,53.0,1734.0,0.0,61.0,52.0,34.0,4.0,82.0,395.0,22.0,48.0,14.0,5.0,31.0,30.0,19.0,13.0,37.0,25.0,101.0,58.0,67.0,50.0,25.0,9.0,78.0,4.0,41.0,12.0,45.0,4.0,32.0,0.0,792.0,18.0,31.0,10.0,10.0,10.0,38.0,26.0,15.0,35.0,13.0,59.0,34.0,37.0,35.0,170.0,97.0,3.0,29.0,40.0,13.0,11.0,30.0,3.0,3.0,15.0,3.0,21.0,33.0,18.0,7.0,11.0,3.0,9.0,17.0,9.0,4.0,562.0,10.0,9.0,71.0,0.0,120.0,2.0,5.0,44.0,10.0,13.0,4.0,4.0,12.0,6.0,1.0,9.0,0.0,0.0,27.0,1.0,16.0,11.0,1.0,4.0,3.0,3.0,4.0,1.0,25.0,0.0,12.0,0.0,9.0,243.0,7.0,4.0,1.0,1.0,0.0,18.0,1.0,28.0,4.0,76.0,8.0
Dusseldorf,573.0,486.0,102.0,1207.0,102.0,96.0,39.0,168.0,28.0,34.0,23.0,6.0,38.0,533.0,55.0,21.0,55.0,303.0,369.0,778.0,170.0,89.0,538.0,1014.0,82.0,14.0,25.0,29.0,96.0,20.0,30.0,25.0,9.0,6.0,43.0,36.0,227.0,61.0,0.0,378.0,14.0,7.0,23.0,84.0,11.0,9.0,15.0,149.0,12.0,95.0,19.0,329.0,304.0,117.0,166.0,59.0,164.0,210.0,8.0,23.0,17.0,64.0,12.0,13.0,13.0,2.0,10.0,1.0,32.0,16.0,15.0,10.0,58.0,5.0,4.0,10.0,6.0,53.0,9.0,216.0,160.0,12.0,2.0,97.0,46.0,2.0,25.0,18.0,12.0,4.0,116.0,3.0,9.0,13.0,74.0,5.0,46.0,11.0,8.0,7.0,3.0,3.0,6.0,81.0,194.0,25.0,5.0,2.0,58.0,2.0,108.0,4.0,14.0,4.0,1.0,65.0,7.0,7.0,1.0,1.0,0.0,1.0,0.0,2.0,10.0,1.0,1.0,4.0,4.0,7.0,5.0,5.0,3.0,0.0,7.0,3.0,10.0,0.0,0.0,20.0,5.0,2.0,1.0,1.0,1.0,4.0,1.0,334.0,1.0,9.0,0.0
Essen-Oberhausen,172.0,177.0,39.0,560.0,40.0,27.0,19.0,43.0,14.0,10.0,9.0,5.0,26.0,250.0,22.0,9.0,28.0,161.0,138.0,249.0,50.0,50.0,215.0,402.0,31.0,10.0,14.0,13.0,28.0,9.0,23.0,9.0,6.0,3.0,8.0,17.0,104.0,52.0,378.0,0.0,6.0,7.0,5.0,40.0,5.0,9.0,10.0,325.0,5.0,66.0,13.0,604.0,397.0,49.0,63.0,19.0,123.0,86.0,10.0,8.0,4.0,228.0,3.0,14.0,9.0,1.0,8.0,2.0,14.0,4.0,8.0,4.0,40.0,1.0,1.0,8.0,6.0,13.0,4.0,100.0,73.0,4.0,6.0,42.0,16.0,1.0,9.0,14.0,3.0,2.0,52.0,2.0,1.0,8.0,79.0,2.0,17.0,4.0,5.0,5.0,0.0,0.0,0.0,44.0,160.0,18.0,2.0,1.0,19.0,2.0,48.0,1.0,4.0,2.0,2.0,74.0,1.0,0.0,3.0,2.0,0.0,0.0,0.0,2.0,5.0,1.0,0.0,0.0,1.0,3.0,2.0,3.0,4.0,0.0,4.0,3.0,4.0,0.0,1.0,16.0,5.0,0.0,0.0,0.0,0.0,3.0,1.0,133.0,1.0,8.0,1.0
Lille,1412.0,261.0,69.0,101.0,68.0,65.0,33.0,96.0,25.0,29.0,14.0,4.0,75.0,28.0,23.0,12.0,22.0,32.0,69.0,51.0,290.0,24.0,37.0,44.0,122.0,30.0,20.0,19.0,41.0,400.0,16.0,44.0,31.0,6.0,19.0,14.0,87.0,34.0,14.0,6.0,0.0,5.0,325.0,131.0,11.0,19.0,8.0,0.0,8.0,4.0,2.0,3.0,21.0,9.0,32.0,32.0,15.0,15.0,6.0,10.0,5.0,1.0,280.0,6.0,5.0,1.0,17.0,3.0,31.0,249.0,23.0,5.0,3.0,3.0,182.0,15.0,8.0,14.0,3.0,14.0,3.0,1.0,4.0,28.0,20.0,1.0,169.0,74.0,5.0,10.0,9.0,2.0,0.0,13.0,0.0,110.0,204.0,1.0,2.0,79.0,4.0,20.0,9.0,5.0,1.0,20.0,2.0,9.0,40.0,1.0,38.0,6.0,3.0,11.0,153.0,3.0,3.0,3.0,0.0,1.0,0.0,2.0,0.0,1.0,7.0,2.0,1.0,5.0,0.0,1.0,2.0,0.0,4.0,0.0,134.0,3.0,5.0,0.0,4.0,22.0,35.0,2.0,0.0,1.0,1.0,6.0,2.0,12.0,1.0,111.0,1.0
Lodz,129.0,105.0,15.0,143.0,10.0,14.0,12.0,26.0,5.0,6.0,3.0,143.0,26.0,20.0,24.0,13.0,1178.0,13.0,73.0,44.0,19.0,10.0,23.0,18.0,9.0,2.0,4.0,6.0,59.0,6.0,16.0,8.0,6.0,1.0,8.0,11.0,14.0,4.0,7.0,7.0,5.0,0.0,4.0,4.0,2.0,4.0,423.0,4.0,3.0,7.0,33.0,0.0,9.0,5.0,6.0,5.0,6.0,15.0,0.0,4.0,375.0,0.0,3.0,246.0,3.0,0.0,2.0,1.0,5.0,4.0,7.0,56.0,1.0,2.0,3.0,5.0,4.0,8.0,220.0,16.0,3.0,3.0,0.0,17.0,9.0,2.0,6.0,3.0,15.0,1.0,2.0,1.0,0.0,7.0,3.0,0.0,4.0,10.0,116.0,3.0,0.0,1.0,2.0,3.0,1.0,2.0,0.0,0.0,14.0,111.0,6.0,8.0,9.0,2.0,1.0,6.0,3.0,4.0,1.0,0.0,0.0,1.0,0.0,189.0,2.0,3.0,3.0,2.0,2.0,2.0,0.0,1.0,3.0,0.0,3.0,4.0,7.0,0.0,0.0,4.0,1.0,1.0,0.0,0.0,0.0,0.0,0.0,11.0,0.0,2.0,75.0
Marseille,2185.0,356.0,209.0,173.0,235.0,223.0,65.0,268.0,20.0,78.0,158.0,5.0,108.0,77.0,33.0,22.0,31.0,43.0,109.0,125.0,167.0,30.0,56.0,36.0,49.0,88.0,61.0,27.0,61.0,923.0,21.0,106.0,86.0,16.0,27.0,15.0,123.0,82.0,23.0,5.0,325.0,4.0,0.0,33.0,32.0,66.0,8.0,3.0,20.0,8.0,7.0,2.0,54.0,3.0,63.0,16.0,20.0,23.0,17.0,47.0,4.0,1.0,509.0,7.0,11.0,10.0,168.0,13.0,21.0,430.0,13.0,4.0,11.0,18.0,234.0,26.0,22.0,47.0,5.0,22.0,5.0,5.0,10.0,89.0,38.0,4.0,445.0,34.0,5.0,19.0,6.0,5.0,9.0,39.0,4.0,96.0,223.0,14.0,1.0,143.0,22.0,362.0,6.0,6.0,4.0,7.0,5.0,10.0,118.0,2.0,40.0,3.0,7.0,32.0,88.0,7.0,9.0,10.0,12.0,2.0,0.0,12.0,2.0,1.0,24.0,4.0,1.0,4.0,18.0,16.0,6.0,5.0,7.0,0.0,331.0,2.0,24.0,0.0,6.0,15.0,9.0,8.0,1.0,2.0,4.0,0.0,0.0,14.0,16.0,11.0,3.0
Antwerp,1211.0,976.0,171.0,292.0,130.0,102.0,43.0,423.0,40.0,73.0,87.0,4.0,134.0,228.0,77.0,18.0,50.0,42.0,286.0,167.0,1715.0,107.0,156.0,238.0,85.0,20.0,39.0,43.0,101.0,82.0,24.0,118.0,17.0,30.0,60.0,39.0,817.0,395.0,84.0,40.0,131.0,4.0,33.0,0.0,16.0,38.0,20.0,6.0,8.0,43.0,18.0,15.0,13.0,19.0,68.0,45.0,51.0,45.0,13.0,26.0,6.0,7.0,41.0,10.0,12.0,9.0,85.0,4.0,199.0,22.0,20.0,7.0,5.0,4.0,24.0,12.0,12.0,98.0,17.0,46.0,12.0,20.0,15.0,173.0,51.0,6.0,24.0,478.0,4.0,27.0,13.0,6.0,1.0,44.0,6.0,44.0,48.0,9.0,4.0,2.0,4.0,10.0,9.0,11.0,2.0,211.0,3.0,8.0,77.0,1.0,56.0,3.0,7.0,47.0,26.0,37.0,13.0,1.0,8.0,3.0,0.0,8.0,0.0,3.0,25.0,2.0,5.0,5.0,1.0,9.0,8.0,1.0,6.0,1.0,12.0,2.0,16.0,0.0,8.0,73.0,130.0,8.0,1.0,2.0,0.0,7.0,2.0,30.0,3.0,699.0,5.0
Bilbao,233.0,187.0,1058.0,99.0,56.0,770.0,28.0,54.0,14.0,58.0,16.0,3.0,67.0,32.0,24.0,27.0,25.0,9.0,62.0,57.0,57.0,21.0,24.0,19.0,24.0,296.0,21.0,18.0,31.0,25.0,32.0,58.0,32.0,119.0,42.0,10.0,52.0,22.0,11.0,5.0,11.0,2.0,32.0,16.0,0.0,18.0,8.0,2.0,3.0,2.0,9.0,3.0,15.0,1.0,25.0,11.0,15.0,12.0,9.0,12.0,5.0,0.0,42.0,0.0,7.0,170.0,11.0,5.0,1.0,26.0,13.0,3.0,1.0,131.0,15.0,12.0,6.0,21.0,1.0,16.0,2.0,12.0,54.0,52.0,21.0,56.0,9.0,13.0,6.0,7.0,5.0,5.0,24.0,19.0,1.0,3.0,14.0,3.0,1.0,3.0,5.0,1.0,6.0,1.0,0.0,3.0,2.0,7.0,18.0,0.0,30.0,1.0,3.0,25.0,3.0,9.0,0.0,2.0,46.0,3.0,0.0,2.0,18.0,1.0,15.0,2.0,1.0,3.0,41.0,6.0,75.0,1.0,1.0,1.0,19.0,1.0,14.0,0.0,118.0,6.0,4.0,44.0,30.0,0.0,0.0,1.0,1.0,7.0,1.0,7.0,2.0
Newcastle,244.0,3307.0,105.0,79.0,94.0,113.0,31.0,60.0,1036.0,24.0,13.0,1.0,2482.0,71.0,17.0,9.0,9.0,18.0,37.0,79.0,46.0,37.0,40.0,8.0,64.0,40.0,5.0,816.0,24.0,39.0,10.0,1730.0,39.0,6.0,290.0,16.0,82.0,48.0,9.0,9.0,19.0,4.0,66.0,38.0,18.0,0.0,4.0,5.0,4.0,9.0,10.0,2.0,18.0,35.0,27.0,41.0,28.0,16.0,1014.0,7.0,4.0,2.0,34.0,4.0,35.0,10.0,24.0,4.0,11.0,31.0,706.0,2.0,1.0,22.0,15.0,1249.0,739.0,49.0,4.0,13.0,4.0,306.0,341.0,25.0,964.0,1.0,29.0,10.0,3.0,646.0,5.0,2.0,2.0,3.0,1.0,8.0,4.0,7.0,2.0,9.0,2.0,22.0,333.0,2.0,1.0,22.0,175.0,687.0,15.0,0.0,22.0,1.0,3.0,607.0,7.0,3.0,3.0,3.0,5.0,2.0,0.0,635.0,1.0,0.0,645.0,0.0,5.0,439.0,12.0,3.0,19.0,0.0,3.0,0.0,16.0,0.0,5.0,0.0,5.0,22.0,6.0,4.0,0.0,4.0,0.0,446.0,0.0,10.0,3.0,10.0,3.0
Krakow,435.0,246.0,57.0,343.0,42.0,50.0,30.0,218.0,11.0,20.0,17.0,319.0,18.0,60.0,112.0,39.0,1862.0,21.0,553.0,183.0,47.0,40.0,56.0,40.0,36.0,15.0,16.0,10.0,299.0,14.0,38.0,8.0,11.0,6.0,26.0,26.0,71.0,14.0,15.0,10.0,8.0,423.0,8.0,20.0,8.0,4.0,0.0,4.0,20.0,45.0,61.0,2.0,10.0,8.0,47.0,17.0,8.0,67.0,4.0,4.0,619.0,1.0,9.0,504.0,11.0,1.0,9.0,2.0,16.0,6.0,7.0,209.0,1.0,5.0,4.0,9.0,7.0,36.0,345.0,73.0,9.0,5.0,1.0,78.0,34.0,1.0,11.0,12.0,58.0,6.0,9.0,5.0,3.0,44.0,3.0,1.0,14.0,23.0,131.0,8.0,5.0,0.0,7.0,5.0,2.0,15.0,1.0,1.0,38.0,116.0,23.0,18.0,29.0,3.0,1.0,11.0,27.0,18.0,2.0,2.0,0.0,1.0,0.0,435.0,6.0,5.0,3.0,7.0,4.0,18.0,7.0,6.0,2.0,2.0,6.0,6.0,9.0,0.0,3.0,11.0,3.0,3.0,0.0,1.0,1.0,1.0,8.0,17.0,0.0,10.0,83.0
Bochum-Herne,61.0,383.0,10.0,252.0,11.0,11.0,8.0,12.0,11.0,5.0,4.0,3.0,24.0,95.0,5.0,3.0,13.0,91.0,56.0,165.0,13.0,5.0,127.0,126.0,7.0,2.0,3.0,9.0,16.0,8.0,9.0,14.0,1.0,1.0,11.0,5.0,23.0,5.0,149.0,325.0,0.0,4.0,3.0,6.0,2.0,5.0,4.0,0.0,5.0,20.0,4.0,158.0,287.0,20.0,42.0,3.0,68.0,38.0,18.0,2.0,1.0,129.0,1.0,2.0,0.0,1.0,0.0,0.0,1.0,2.0,10.0,1.0,22.0,2.0,1.0,8.0,10.0,13.0,2.0,43.0,36.0,1.0,2.0,12.0,7.0,0.0,2.0,12.0,2.0,10.0,32.0,1.0,0.0,8.0,84.0,0.0,9.0,2.0,1.0,3.0,1.0,1.0,15.0,28.0,49.0,7.0,4.0,4.0,10.0,1.0,20.0,1.0,0.0,9.0,1.0,20.0,1.0,0.0,2.0,0.0,0.0,4.0,0.0,2.0,7.0,0.0,3.0,4.0,0.0,3.0,2.0,0.0,0.0,2.0,2.0,2.0,1.0,0.0,0.0,7.0,1.0,0.0,0.0,1.0,0.0,5.0,0.0,65.0,1.0,3.0,0.0
Thessaloniki,153.0,145.0,28.0,107.0,59.0,43.0,1490.0,117.0,11.0,20.0,14.0,3.0,19.0,25.0,47.0,75.0,35.0,17.0,91.0,53.0,42.0,24.0,21.0,14.0,23.0,14.0,9.0,11.0,36.0,16.0,186.0,11.0,21.0,3.0,13.0,15.0,38.0,31.0,12.0,5.0,8.0,3.0,20.0,8.0,3.0,4.0,20.0,5.0,0.0,11.0,11.0,0.0,4.0,5.0,20.0,13.0,4.0,11.0,5.0,6.0,7.0,0.0,3.0,5.0,9.0,8.0,7.0,3.0,7.0,6.0,4.0,9.0,1.0,9.0,7.0,9.0,5.0,17.0,1.0,18.0,4.0,5.0,3.0,82.0,14.0,6.0,12.0,4.0,18.0,1.0,4.0,4.0,0.0,15.0,2.0,1.0,17.0,6.0,1.0,2.0,8.0,9.0,0.0,2.0,1.0,8.0,0.0,0.0,28.0,0.0,16.0,5.0,4.0,2.0,3.0,0.0,5.0,3.0,5.0,6.0,0.0,0.0,0.0,1.0,3.0,6.0,37.0,0.0,2.0,8.0,4.0,6.0,6.0,0.0,3.0,15.0,3.0,0.0,1.0,5.0,1.0,2.0,1.0,11.0,2.0,3.0,3.0,17.0,9.0,5.0,2.0
Nuremberg,225.0,243.0,47.0,770.0,42.0,20.0,21.0,131.0,14.0,26.0,23.0,4.0,12.0,263.0,48.0,9.0,41.0,215.0,339.0,804.0,53.0,37.0,416.0,225.0,44.0,9.0,7.0,8.0,159.0,13.0,17.0,19.0,4.0,10.0,24.0,34.0,49.0,30.0,95.0,66.0,4.0,7.0,8.0,43.0,2.0,9.0,45.0,20.0,11.0,0.0,20.0,27.0,72.0,91.0,81.0,16.0,73.0,177.0,1.0,6.0,7.0,10.0,6.0,27.0,4.0,3.0,11.0,1.0,15.0,7.0,3.0,10.0,23.0,4.0,1.0,6.0,1.0,38.0,11.0,266.0,74.0,7.0,1.0,121.0,13.0,1.0,19.0,8.0,20.0,7.0,72.0,5.0,1.0,28.0,18.0,3.0,63.0,3.0,4.0,1.0,1.0,0.0,2.0,46.0,17.0,13.0,2.0,0.0,76.0,3.0,64.0,9.0,13.0,8.0,1.0,309.0,16.0,3.0,2.0,2.0,0.0,0.0,0.0,5.0,3.0,3.0,2.0,1.0,1.0,1.0,3.0,3.0,1.0,0.0,0.0,0.0,10.0,0.0,0.0,2.0,1.0,2.0,0.0,1.0,1.0,16.0,2.0,67.0,0.0,10.0,1.0
